%YAML:1.0
---
cameraMatrixL: !!opencv-matrix
   rows: 3
   cols: 3
   dt: d
   data: [ 5.3330525616051398e+02, 0., 3.4180669036547795e+02, 0.,
       5.3333203023362705e+02, 2.3497337700376809e+02, 0., 0., 1. ]
cameraDistcoeffL: !!opencv-matrix
   rows: 5
   cols: 1
   dt: d
   data: [ -2.8316831219653810e-01, 5.6362031636459732e-02,
       1.1452694379562053e-03, -2.6446275291157800e-04,
       8.1786467795031459e-02 ]
cameraMatrixR: !!opencv-matrix
   rows: 3
   cols: 3
   dt: d
   data: [ 5.3681340090386880e+02, 0., 3.2668509792707141e+02, 0.,
       5.3649831850367661e+02, 2.5007501027016630e+02, 0., 0., 1. ]
cameraDistcoeffR: !!opencv-matrix
   rows: 5
   cols: 1
   dt: d
   data: [ -2.9676754103179731e-01, 1.4400633942371516e-01,
       -5.4170358628205897e-04, 5.6506439748861908e-05,
       -5.4027359392258979e-02 ]
